image_width: 640
image_height: 480
camera_name: usb_cam
camera_matrix:
  rows: 3
  cols: 3
  data: [373.563228, 0.000000, 335.148201, 0.000000, 375.700668, 253.343760, 0.000000, 0.000000, 1.000000]
distortion_model: plumb_bob
distortion_coefficients:
  rows: 1
  cols: 5
  data: [-0.333711, 0.090216, -0.001332, -0.003736, 0.000000]
rectification_matrix:
  rows: 3
  cols: 3
  data: [1.000000, 0.000000, 0.000000, 0.000000, 1.000000, 0.000000, 0.000000, 0.000000, 1.000000]
projection_matrix:
  rows: 3
  cols: 4
  data: [268.272888, 0.000000, 328.299393, 0.000000, 0.000000, 313.511719, 258.203522, 0.000000, 0.000000, 0.000000, 1.000000, 0.000000]
