image_width: 640
image_height: 480
camera_name: usb_cam
camera_matrix:
  rows: 3
  cols: 3
  data: [343.564964, 0.000000, 316.692163, 0.000000, 344.604033, 227.555288, 0.000000, 0.000000, 1.000000]
distortion_model: plumb_bob
distortion_coefficients:
  rows: 1
  cols: 5
  data: [-0.303405, 0.073647, 0.000172, 0.003212, 0.000000]
rectification_matrix:
  rows: 3
  cols: 3
  data: [1.000000, 0.000000, 0.000000, 0.000000, 1.000000, 0.000000, 0.000000, 0.000000, 1.000000]
projection_matrix:
  rows: 3
  cols: 4
  data: [247.122345, 0.000000, 321.359169, 0.000000, 0.000000, 281.740906, 221.284506, 0.000000, 0.000000, 0.000000, 1.000000, 0.000000]
